2 6679421 14156937
3 1337553 7850463
5 5287637 12751833
7 7184024 14082809
11 6232574 7662112
13 8167766 16886497
17 5603476 6521063
19 5106748 7944413
23 5084509 8873792
29 3630216 5597534
31 9541088 11260873
37 5369688 13460026
41 9223548 12508998
43 230921 1973961
47 6374732 7006536
53 7138564 10192716
59 8109322 9101789
61 9567063 15480372
67 8456664 17724102
71 5328447 10017683
73 3213329 6709541
79 3407968 4741123
83 6930152 7961218
89 4170822 6185481
97 4820350 12621386
101 3981979 10859768
103 2037174 3905191
107 4968128 6228848
109 5153468 10352516
113 5520114 9564665
127 8347205 11005881
131 9615056 18587933
137 6167496 7865965
139 7402540 12026698
149 3482260 6213245
151 1829748 11041688
157 8743550 16497616
163 545096 6218797
167 8785134 16017402
173 204713 6326547
179 5033306 9219996
181 2999624 12586454
191 8571060 9055163
193 3363904 9604783
197 8199504 17083520
199 285431 6832138
211 4059045 6475882
223 8035938 8262477
227 6631659 12070135
229 7367050 7480968
233 8169462 17366258
239 9325859 18755222
241 6950864 9338169
251 5103065 13355413
257 9619575 14927351
263 6890535 11543414
269 2010820 11900978
271 6756062 7337940
277 2890614 3010578
281 9339110 10429226
283 9003981 18628520
293 7636824 13216200
307 4557729 12746841
311 8322268 9511655
313 3627589 9316906
317 1303306 5616708
331 7402466 10547981
337 3742766 10612446
347 5532821 6895002
349 5122029 10274423
353 9186310 13715225
359 2321626 3518754
367 4419074 13496761
373 4295360 11605046
379 9197652 12832120
383 916155 1634139
389 5775361 14328338
397 8813713 9146801
401 6742091 13878071
409 4038828 6924858
419 2825298 8167430
421 9715785 12459899
431 1004000 4462549
433 9613796 16150616
439 7337083 14589258
443 4205567 10728959
449 1781091 10824635
457 7720521 16437036
461 637584 5169815
463 8542554 10894140
467 683053 10141760
479 3069571 9527983
487 528038 4927673
491 9307853 19094332
499 1535616 4882296
503 2672510 9549774
509 1205165 3593459
521 9621379 11830543
523 8363196 17598369
541 1262337 6962615
547 9003702 16987956
557 4740023 5524814
563 7027799 9488341
569 9501308 17166689
571 9509127 10069339
577 16969 209147
587 18921 5621811
593 9166943 12230252
599 2526 8477320
601 2849789 6904281
607 4337827 12376476
613 931757 6474748
617 2943296 6012783
619 268508 1574999
631 4821013 6351856
641 9523122 13347835
643 2031450 6294593
647 7125858 16185106
653 9240038 18383554
659 9240982 10506497
661 9703729 11478030
673 1457694 3696694
677 7377193 10518180
683 5302310 15198379
691 1615783 9767880
701 6466915 12420523
709 6190748 13589418
719 4012952 13146994
727 2984510 7265968
733 2956886 10762408
739 8328654 13325012
743 1630236 1990339
751 9259502 18015594
757 9419352 10435243
761 415961 1592645
769 2281407 2401096
773 2950987 9206439
787 2358690 5203220
797 9396440 17057439
809 5256952 6269173
811 8329449 10053314
821 9482183 16518730
823 1638889 7650374
827 8686943 13310340
829 292945 4453124
839 2428920 3566869
853 9156539 15732046
857 1498053 2430444
859 7847952 11281707
863 1948283 10212195
877 4610441 8840130
881 8383602 8461380
883 485142 3743784
887 5438661 15320241
907 3435994 4131605
911 3410155 5175597
919 2419478 7828166
929 1318342 7893059
937 1420174 1425457
941 1198115 5427584
947 4165464 10308850
953 5367420 11205773
967 2718894 12100717
971 6770745 9853941
977 2815580 11534607
983 3863461 13805832
991 5465069 10228482
997 2536502 11003063
1009 8022057 15997218
1013 864494 4838895
1019 8670773 12945420
1021 5739844 9346445
1031 2199688 11774225
1033 2697671 8833884
1039 2096173 5991958
1049 2882035 11660022
1051 39172 804977
1061 4616341 9890757
1063 147630 1534715
1069 873965 6353525
1087 2622465 7359890
1091 7938284 8542168
1093 9500839 9975623
1097 9070446 9109692
1103 966298 10901236
1109 4013649 13650718
1117 6725939 8995782
1123 5760024 14685649
1129 1844381 10302074
1151 7578191 11518744
1153 4869831 5330056
1163 2718541 10143894
1171 3742383 13593616
1181 5216122 11622485
1187 1238319 7328405
1193 4402276 10779410
1201 3343864 5684422
1213 6981019 9825720
1217 5331695 11383158
1223 2883949 9181940
1229 8502754 15400350
1231 8451414 13680105
1237 9167440 13378876
1249 6670670 10198842
1259 5185482 11950693
1277 9985078 12556742
1279 9741789 12445406
1283 9997018 13481189
1289 2554851 7767990
1291 9890535 16200055
1297 3819578 8112388
1301 5203007 12366447
1303 9149721 11333745
1307 8142 4489557
1319 751840 6160281
1321 779407 2550352
1327 4822390 14053209
1361 6999637 13505818
1367 5958608 12145265
1373 34354 3694795
1381 2951870 2971300
1399 6232106 8925763
1409 5239400 11468522
1423 8694181 9004783
1427 3958614 5059681
1429 6620123 14398313
1433 7910230 9733359
1439 4941631 14517932
1447 6523506 13989630
1451 4057717 11333062
1453 2874566 10228041
1459 9046291 16743246
1471 9100647 17662925
1481 6719489 11778743
1483 7265289 14019130
1487 1236048 1453205
1489 9289624 16757776
1493 5427167 9956189
1499 3697275 10334974
1511 4839625 5011865
1523 255119 4231218
1531 7950431 16115778
1543 8315581 13723994
1549 7741649 12580734
1553 2874538 7190255
1559 4630783 12896237
1567 1669193 7862617
1571 5962410 9248600
1579 4755704 9953953
1583 861797 5399140
1597 1952091 4049934
1601 7270853 11028918
1607 9565996 12264014
1609 803441 6583063
1613 1852070 10011486
1619 5951863 8059050
1621 2135516 8554160
1627 2788887 3239982
1637 1827058 2357593
1657 7806534 12508128
1663 7362605 12316272
1667 2967050 11998846
1669 1147093 2592903
1693 2317987 10737134
1697 6644061 9823844
1699 2956491 4068993
1709 7793979 8021321
1721 4870569 12230543
1723 5441713 11115721
1733 5655949 15466083
1741 3833425 5441235
1747 1917322 10402614
1753 542807 5249015
1759 1452740 3822604
1777 7753096 9528720
1783 9587811 14703510
1787 6729293 9284152
1789 6663848 14540232
1801 6517023 8015208
1811 6295532 11972966
1823 7194321 8962694
1831 6789937 11778236
1847 4512068 8688924
1861 2348274 12302053
1867 2367217 2887790
1871 9763914 15964555
1873 2128384 6325971
1877 7202286 12389827
1879 8903796 10075172
1889 7557406 16730648
1901 2947002 10092218
1907 6805294 16481587
1913 2216428 5685568
1931 69030 1318831
1933 4967326 13848238
1949 6927236 11605234
1951 649286 4366458
1973 9666298 14827650
1979 7894029 12424951
1987 7631484 7892729
1993 5051496 14963245
1997 8978239 18674469
1999 4109337 12806212
2003 4883772 10413255
2011 9868252 12309429
2017 4702726 10034330
2027 2102746 3610764
2029 7524250 14359774
2039 7493511 15086789
2053 8085327 13062514
2063 6474191 11486752
2069 9655186 19295013
2081 8729734 18051216
2083 7317532 16457646
2087 3852405 8801420
2089 1917712 3337963
2099 4860765 8273066
2111 1116482 10086582
2113 4625529 10625782
2129 7015936 11509715
2131 957783 2676443
2137 2341737 5402264
2141 5743031 15609016
2143 9896052 15648944
2153 7459265 15440642
2161 730080 7179886
2179 2993940 3379205
2203 6089635 10329659
2207 2223100 5630265
2213 5896491 14488347
2221 872533 1203086
2237 12108 5745404
2239 3742855 4871444
2243 7219749 15588131
2251 7128843 11364526
2267 5378515 13465139
2269 8470696 16190946
2273 3663504 10393581
2281 7586236 13662142
2287 2482970 10044821
2293 6573637 12303038
2297 4011659 6095586
2309 8631019 11248663
2311 8840304 9694421
2333 6024810 10761604
2339 9445974 18859668
2341 5067348 14525429
2347 7663343 8989897
2351 586671 5469762
2357 9694937 9926801
2371 1635127 9224929
2377 834841 3457015
2381 5310053 12324748
2383 9352252 14764892
2389 3090602 7442175
2393 2974492 5155081
2399 80975 9583476
2411 4264517 12976509
2417 2120146 5224966
2423 2082462 2743769
2437 7841615 9370050
2441 2591354 8016667
2447 3502869 3757564
2459 6751868 13357758
2467 5137787 14100943
2473 9354107 18643372
2477 6552959 6741905
2503 1911440 6290803
2521 9719994 10983684
2531 2308356 7635302
2539 8131616 15930814
2543 7507537 15720126
2549 7301701 9073753
2551 9440934 11379131
2557 4876873 6400268
2579 5115857 10350695
2591 5568183 13275392
2593 3176505 12247555
2609 7961906 17890277
2617 8193293 13809336
2621 1407880 8955278
2633 4905309 5382499
2647 7736345 14553092
2657 4856554 14829243
2659 596791 7761699
2663 5299636 6544393
2671 7480459 10287630
2677 1973700 9272210
2683 7095577 8510209
2687 9236709 11209157
2689 5454380 12323296
2693 9723640 10746201
2699 4576127 7476270
2707 2609964 7664347
2711 5344867 6148122
2713 670427 7423173
2719 8350654 13926389
2729 7229937 15833286
2731 4908835 9511676
2741 8576039 16598015
2749 4284102 10676128
2753 9266735 11031294
2767 9199198 10439631
2777 9063071 15357844
2789 5171418 5987548
2791 783575 1409372
2797 7685047 8192260
2801 4164711 6425883
2803 5923709 15214735
2819 7315556 8584130
2833 94282 596616
2837 8021321 8982608
2843 6078070 13845678
2851 9564637 13067892
2857 2370450 3027477
2861 4041585 10696135
2879 7049054 12873724
2887 935463 9700065
2897 7065104 17063636
2903 5059377 7295897
2909 814663 9173965
2917 5378670 13878378
2927 1382868 3442600
2939 3277234 10583809
2953 1350759 1943547
2957 1091502 2536541
2963 1095123 10207945
2969 2406327 12095870
2971 9396783 13884098
2999 5709152 7476384
3001 7660695 9927782
3011 938135 5647882
3019 8091758 9965354
3023 3474350 8631210
3037 4388481 5438558
3041 9909733 17629227
3049 9409380 17214134
3061 6219204 7011450
3067 9864487 19360923
3079 615174 1830418
3083 2605577 4312252
3089 5176636 11393687
3109 3335850 3435164
3119 8422947 11155578
3121 7102982 11235079
3137 7016216 11779891
3163 6399185 6869887
3167 9473423 13964364
3169 4860651 10324774
3181 2164154 11413285
3187 6514202 11104440
3191 6968626 15408558
3203 2394993 8099173
3209 1748532 6524362
3217 7716969 10080673
3221 8507427 8829972
3229 6586732 12787145
3251 9055949 11494881
3253 6299728 13778622
3257 7687917 11090625
3259 4127345 8831476
3271 8166384 11209264
3299 7691186 7847343
3301 50175 5118363
3307 5620282 10350961
3313 4317320 8968154
3319 9320918 13123214
3323 5607119 9839380
3329 2022830 9378479
3331 9008092 18747889
3343 2235707 2267576
3347 2578695 11401132
3359 6232284 10383278
3361 1261371 3793381
3371 1629890 3095528
3373 8451072 16724657
3389 8686122 17819928
3391 3832818 10210125
3407 1806317 5689308
3413 1445496 11388445
3433 8613672 16892838
3449 4593784 5044724
3457 4597815 7315068
3461 4683203 11303846
3463 72904 6280549
3467 8876794 11185403
3469 6239516 7695003
3491 3647399 8635549
3499 5606483 13031603
3511 36513 9789236
3517 8890759 17378342
3527 542661 8119541
3529 137743 4513220
3533 6470540 8414598
3539 8258470 16174504
3541 4403360 13791852
3547 8711553 17708695
3557 9839433 13148799
3559 1714396 8753382
3571 2446363 6750013