90306
90563
96643
99618
96720
97050
91072
99685
95515
97421
99688
97649
99275
92970
96568
96585
98652
93873
91907
95609
90979
90889
93857
97602
94044
96973
91477
90479
94367
94609
96264
91026
91524
92908
90644
98244
99958
98069
94281
95473
91842
90321
99474
97469
93291
92394
90406
91943
92620
92313
93904
99951
99554
97761
97554
93599
94734
99031
94078
95454
99992
90343
92832
91516
93251
99828
96112
99561
94249
90394
95034
96091
90715
90860
93561
90359
99607
93967
92302
92227
92633
92559
92178
92187
90320
96084
95786
91407
95115
96217
93213
91459
92912
96045
99327
92515
95873
95440
92076
90123