463 6
284 269
630 217
221 587
763 410
416 496
167 422
687 519
644 169
480 415
324 617
836 30
428 667
163 919
913 881
664 823
869 155
371 948
536 500
909 592
865 79
500 104
623 33
202 965
381 46
662 681
710 482
150 277
973 915
576 91
691 887
820 241
966 561
838 192
561 504
360 527
630 428
460 637
603 32
854 439
122 761
244 517
572 609
304 172
40 546
213 879
897 730
70 34
3 865
370 907
213 564
769 507
145 843
652 8
447 748
288 507
802 568
954 532
481 375
698 259
139 520
29 910
943 38
902 874
782 724
67 51
335 773
617 835
842 479
6 270
555 290
635 294
603 358
510 591
849 85
382 209
897 766
581 410
63 841
344 262
312 622
396 410
246 646
902 14
62 866
157 908
979 616
751 570
162 361
223 40
248 788
333 604
791 146
765 913
176 853
476 110