1361286947 1
529529000 8
1091852788 876886996
642961425 1522135298
775232649 7
375894544 1538600970
1954524100 4
1873331524 1
1137240729 0
158835609 8
1431335889 4
70074316 1247540326
1966794371 1672209780
6100900 4
1723328782 4
1086163849 347547639
1699714421 1786571172
1886100905 95791853
728190225 0
1312400632 734797694
298391076 5
557645013 8
224601429 649911915
398241936 1668429951
28259856 10
272736936 6
451408670 9
608553610 1564035645
1254006239 370604798
234794329 0
1208883361 1679335983
1351892437 1354223005
653160249 10
1434439876 1431968321
34928100 1559418470
666465856 23053056
364046400 2
1286298225 1501377769
337381410 1075667469
1358880769 603008926
504406681 1168170567
1438496080 646236235
8755681 401582948
541031553 528212007
114288844 9
912171618 1476744837
655741716 2
326055249 10
549878209 0
335585761 10
1840581604 726002311
22033636 7
1360126077 8
1956142322 546563790
1591818862 1239277690
177928921 607006940
789060578 10
1100295386 138981353
1175516619 5
1928419135 0
85322169 1525317965
1668489905 633422827
88962624 0
3182656 1593407051
801965761 872911693
1493281449 0
1131986025 6
1646367002 850276148
1779782204 9
425473129 3
1289045512 1489530337
726572025 1420904796
665933407 9
824206681 10
733302183 302224319
406821431 7
452285289 3
1022016961 466327979
1058979040 4
1934039296 5
1090220876 1178137409
1793437801 1
1446813369 5
29095236 10
97518610 2
1824203857 1122688415
361661851 1252953314
769507600 5
171741025 7
301682161 472607783
762501539 4
1537894656 1694540194
1001825764 485992996
217592001 2
13026219 0
1183360000 1929635678
77563249 113869318
708820360 5
1233513580 9
1793837666 577862715
214029256 81345131
563166825 1207374623
789733362 8
788280718 441052867
416119201 3
797158756 4
82671450 153073831
859907401 103260671
1506293721 6
59567524 178170104
299674877 1684269147
436603897 9
745880669 0
1126158486 4
1407091765 7
1002533566 7
748405449 1540806875
1607956906 1849777285
1388158564 850123537
68326756 1317417184
736428997 662697607
634685245 4
540004644 8
672077360 10
293197129 1798431825
1275204100 0
1424158771 7
124880625 310641216
498048489 1032709047
730764614 597414637
1821326329 5
28387584 9
853804004 275642611
1101642481 1926082439
457147161 1
20430400 9
1450698616 3
1623203521 2
215032896 5
670965409 1039633979
1518528993 5
1906523733 7
161849284 1322750908
1885887413 0
681143944 1247441434
808970987 0
205635600 106998901
555657995 7
1051409802 1982391731
905804348 8
650801583 1139163130
1926933575 8
663526081 109932949
37063744 0
1759634704 821153878
986885805 0
1489169903 910712718
1772691454 935745059
959388676 897876014
1580937121 0
383692625 0
1152849855 1
128504896 319944385
73496329 8
256736529 1458876804
36000000 5
500506384 1412671706
727569621 803400176
1847798543 661024722
1450129017 664026999
967832100 4
57471561 1422995337
393301724 10
1016252594 10
1414587321 8
282744225 550061415
839675865 4
364857899 3
1533045941 696475517
569395044 482634205
1340173942 7
8655364 10
168948004 8
1041225893 1970821725
1154077829 0
466041744 470443152
1537973089 5
84474481 4
1394126244 1611845302
288859217 902864798
46348864 3
120066788 1553811967
1786847683 5
1205891303 780732797
825700225 2
6421156 7
394936129 4
872966116 6
136656100 1790528828
1141470974 3
1771501532 5
484022849 1301210727
465135489 3
1533628933 6
1934592256 225416320
588111001 1388231774
533979664 7
1768682948 7
28398549 9
1401814554 1852362996
521920242 2
519582541 512338743
1126637483 4
248692900 800566846
909584495 509152932
1612903307 10
901830306 1862076132
676527322 1152058916
700290369 1
1775899561 1906429302
542703616 357191858
1177244721 9
564252516 1807121929
1941918507 7
885479049 8
1466560145 775807480
14167696 0
1063672996 1520009839
12775342 6
1970116996 5
20711601 0
1209231076 1567695162
959185209 1921937646
48580900 1
620720314 127103239
1437687754 1732728855
1852065081 1208197828
276771995 1884714411
232379536 1424684096
123099025 1073682910
133353453 1240104422
61465600 9
180633600 5
243048100 680847508
1658048734 295892197
1347638495 317223827
995528704 3
1292706914 9
1554402738 1350221244
29300569 10
860659569 26867811
1397563456 6
1347621746 9
744962436 7
48958009 326469689
123401162 4
1501358777 10
1226246422 0
92910305 1
54051904 1790177756
1079516736 5
1874548497 355593975
1411504900 0
215326276 776109417
1880783424 842737386
6579225 9
291863056 8
306565081 696929716
647582717 10
1549201259 1378721189
1940764965 2
21068100 1660027908
3276100 293937435
1315730529 1
130121749 1
81982574 2
1167930625 786439521
1407926372 3
15311569 1163913493
70006689 1
417898906 1424304281
496710369 2
960814009 5
89491600 9
1229491244 485738313
1356301584 260333101
583705600 7
1456849 10
434722500 1821811531
1736639670 322539565
1688238078 1082751758
1243225 4
724886152 100852443
1990319769 10
1386332689 1091759503
1299818809 6
1629970080 462083699
1087020900 1811795236
1870130025 6676490
1588211484 1059405687
1021209733 0
420783169 208549665
1085109481 604157418
923856025 1209265785
1770275100 3
1291467969 1797978439
1552190821 864250914
546624400 1843653187
997452416 9
1147718884 1677332061
1250612496 3
1626825126 10
1302488100 108698896
889590276 3
186759556 137582533
1963577318 462504691
713157025 1752603505
1924412193 56112120
96059601 1192718785
722289327 6
1357038244 389472828
159087769 1164039216
519429681 1065333987
990883124 2
1168509191 9
162001984 377658854
445041578 573014828
1117347247 1801758256
54169600 1499235077
979588452 1265072410
1202424976 0
65869456 417833244
425510096 7
1953188503 186009101
1137105841 1279924697
74943649 160168745
1728298042 4
1026177156 1302875824
1245255294 1871572782
871784676 1600457135
396900 9
1850290225 1375955465
925020876 0
752187869 219637767
20412324 686869288
257442025 1915135109
77331662 8
1772915236 1193263764
537166869 8
255328441 1711093955
655759746 10
552046767 258338525
1842298084 672252836
5103081 643454174
1487490624 10
620059801 2
447529707 4
1184396076 10
1799569879 207170283
1700570139 1163433386
58813561 1808782664
780295879 805950346
418816225 9
857138223 932234531
973065636 1402259152
1361979025 2
1159525520 1688446036
1469790407 9
778131025 3
1833818521 682104153
111281401 7
19793601 2
200675556 4
1008062500 7
603635761 185472084
1835312047 1840452309
800267521 4
52157284 1574670788
1007773218 190040024
650942572 53065801
1182525497 3
573171481 1610069593
83028544 415624415
304432704 1659196380
333464121 1
682044150 3
683551572 9
534107345 4
211033729 1370606540
1915287696 8
635997961 892115281
925755353 2841034
537775374 799764151
1722344930 234467737
44391856 3
1327582096 0
678213282 1204961150
1261954576 424934571
1595238490 3
473296691 0
1225721153 9
749145758 5
1833638041 1546212277
258695056 6
718205721 1843501140
920636964 192278391
848108252 268297749
1376842371 5
991406049 2
689119758 326927681
525955857 0
723025973 714119234
781955536 8
1709931226 8
927385209 2
257030327 567647410
393585921 8
174609796 9
1760484750 1975493140
159719044 1037540140
1388307600 9
1121481 4
24681024 1526935387
1018248100 7
858351004 2
112911876 383498226
1192107659 4
736471044 831310244
357739396 1713851001
359754011 922954224
645668100 1274295163
76615009 7
303874624 988567693
1989675751 1
810654784 0
723720636 0
1362864889 9
460746225 1352850063
1943310889 7
80442961 3
765162327 10
1947948590 7
831284224 355369959
937278225 3
655513609 1716068718
1302390412 1133445326
899160196 388866340
665443519 2
810711729 3
1768911497 1359678827
1152195136 709814886
62694724 7
961806169 1413725693
484970757 1700136443
848323876 1236306857
983527774 781339096
70073641 8
1599458202 978897062
591668575 10
359936784 819286282
816187761 141249665
584387659 10482021
226502500 1621303241
1038898039 7
631717956 1592956886
64009 1744608663
850822827 730853385
129630211 4
598424352 1378507554
475650253 1
4052169 1771245617
1076692969 2
432224100 376258556
1508748025 1492699527
72760900 1
854934610 10
330512400 1365430198
341942161 162558724
1453515625 308302129
1259355349 7
32397483 1520064516
1481722507 444088142
489338641 339915107
525739041 206975342
1255786712 1
1436864836 2
1849860100 1431876296
1446093503 1533267745
1930563878 1
286751311 1603259105
1567079933 10
1515233476 1143137591
1519737290 1797291972
1683728102 1
1327509128 341772949
52475536 6
438886595 1814283082
1102536898 7
384836837 8
1689527449 1214981685
1512576703 309624445
487539260 8
125484804 6
754430109 8
44289025 430723496
1260148575 3
418609 9
209177850 8
213043216 358368179
1761529459 6
1165787641 5
1312250625 5
905488765 1
60341824 7
5607424 6
281338973 2
1289959056 1582268854
1818580698 1351013529
1713029609 2
184041 1339455729
1384212025 10
31416025 8
345318660 264852836
1185249995 7
64513024 1023999352
1620384516 1485891580
176497066 6
1227083789 2
1883733604 0
594414695 310994022
1925542161 792255252
1331112673 0
23097636 1847208190
456073480 1101928310
503058302 9
336128880 776178159
109998144 8
1269517627 206115787
1725056224 1006948229
745004455 2
39476089 7
1093544682 386815259
51811204 4
225816728 10
15272464 287338429
6315169 834550430
525088183 951414274
185368225 1867322516
261274896 8
1109480258 6
1095784151 6
62425801 1
21977344 8
941262400 1769967405
174292804 3
13053769 842506559
181198521 1445977545
851547976 1702659621
1177238223 5
1056203703 3
1501330009 1
1989854567 0
693163584 534073777
1596082401 9
41705764 10
1189805981 4
237332495 3
5536609 4
164839921 700916849
247631438 1889122318
16321600 375455850
607720645 966271636
244328161 6
1647142225 10
286049617 1452656124
1064914545 1742547543
1301910724 343763412
1724242576 22822639
2663424 10
61153972 1541877752
1654130241 8
1699638419 841100673
37789704 1950897368
1774752886 0
863041 2
549152356 587067174
450014495 2
1567918647 1932821229
1821155625 2
1569651537 6
1211891063 9
623162473 419095643
9653449 3
1151041329 825263159
49463089 131654923
1763076121 2
1679895209 5
1829060879 275844511
23882769 2
31494544 356548897
625000000 428831766
966650281 8
1240596008 0
95981209 268590832
1583164521 289490708
636804 1388575325
601328484 8
1531179054 285000433
429774361 370963932
1551493321 356065816
572836356 1364627289
622053481 393696814
1465934608 5
1379519553 431685321
1315657984 1564431622
55487601 474108580
1279206756 1450025431
932752681 846932631
338008225 1858396950
1021889336 5
840799199 854858261
1123730143 854160474
162894169 4
1519569003 5
1906370244 862317702
1567051396 10
1008949126 640054385
1802596849 0
52056225 1512478934
1229203600 10
1368501419 7
85229824 8
1570853956 1289352369
13479543 3
950365584 1863708514
1435576321 1881051361
1364465043 1611699264
1058389770 517188981
116726416 1
1153418147 1150187834
49196196 0
61504 2
92775424 7
1692374687 8
1028998084 265794515
779405126 0
348462924 682082842
533726457 1498452705
225630441 5
1496761344 7
980378721 418080648
21212550 764587431
528862009 0
974750841 10
66292164 1710961309
288830025 1199102304
531025936 1256651684
780060718 717869607
329570721 7
976125049 8
1534498393 8
1323940996 5
1343662336 5
363321721 1356505056
1595572457 1
1300756356 1877066324
1423639754 1722126248
1072497001 440048361
1854080790 6
18181696 1459584743
1936796309 1206009584
661716421 1167404859
497008703 1211338792
24068836 7
80514729 1
697599884 1481216941
1080150452 1681171826
1085504952 1615206342
924711177 308056801
30294016 7
261954225 921867947
1038450625 1
442387089 6
960566049 1104653363
39955041 8
1967217110 1
1270857406 9
100520676 6
1954841555 4
1028798508 10
1383576874 5
1840667409 4
1956823696 5
1041804729 1142803808
615139204 127289588
1003875856 7
9449476 1077648407
212955649 3
1105595775 5
309555592 706716275
842188807 0
882759873 1
389312361 4
625450081 6
1097063450 672537923
117557218 5
449567209 1276882685
308810329 1885660521
783328144 919144864
770284516 1227401532
1200622500 939349123
1137240729 3
119195067 3
996349225 576668525
883088185 435148767
972444523 8
435109561 6
202767438 1581567156
1262812794 3
440401659 0
1686472635 1
149989009 103299570
399960001 2
473519688 1425775243
630890615 7
23522500 152424223
669126407 920384263
675896004 10
459684 1236907288
1551146038 1928518102
423618724 1449668314
1495083743 997496135
189805729 1441955956
41011216 1
1949399104 1742743182
361950625 6
43652449 3
254854798 2
1264458001 976653071
1053153346 1006617547
262731681 7
970883281 10
1526130160 9
65205625 382903847
1795234972 10
1069631369 2
54257956 752897652
1429747344 7
1838071652 304812686
1088448249 1710954258
1853818245 1918996650
918933364 1625195655
49434961 732299951
1423625955 408906983
22424117 1415234284
1758795844 621493481
514989492 1635239870
555686329 1605191831
634064885 3
215238241 1402733794
144028348 1975098113
1768959481 1
952586496 6
200307409 1846998958
585862414 5
1655592328 1427730064
37059660 276107513
897093435 1586677653
224644111 1
235100889 941282244
865232663 8
209764 1065725378
378030249 479664184
370846536 1651041872
202606756 1289069158
1428670341 1820512699
188960808 1957510628
1414935302 4
1460923827 264126518
1589377689 1545912764
121173377 1267393487
486819205 467999402
263705121 8
124813584 7
1469451790 1006433758
80245764 1276846197
158905451 1253453188
472103426 0
3916441 8
1865985157 10
103550976 1815016477
32421636 3
745754419 575474781
653676991 493441997
56791912 2
3164841 8
948823952 424281690
479566201 368846879
1045487556 1842681873
1745367354 736788832
769728696 108161070
1917575737 985620420
1266221056 0
46857478 1189892725
3037651 1
318158569 546980553
249586570 615796115
1322761826 1330294831
1489168205 760475495
428198398 4
452753284 1077267300
30283009 1856393533
1757672304 23316890
673765849 737438730
676884289 2
1598880196 7
21344400 1295876697
191877904 6
1265296041 1
504586369 6
126787600 975942735
1897844112 1549370589
123721129 1625894057
130576329 533818772
340107364 1
1722831049 2
675645717 512948643
21603904 383632999
348438443 7
1053034867 10
1029256284 638328181
542703474 10
1756867225 759415534
4422609 1354206520
792760255 2
201015684 6
424804836 926449253
1723457952 157570662
1485177444 9
1297283369 1772606706
795145890 1
1148572424 1138775520
465049225 8
268796025 268388633
1182022539 2
1326853476 602869852
1626878696 5
747579787 1
73564929 1374571862
527023849 1079444509
34210801 8
1550025 1233799778
616876569 2
660849849 953942260
680625 5
1314473986 1
415181376 163500547
372068270 1950893426
1509453154 1012784934
1002321632 1205409360
1433965499 10
407676481 5
1349493182 8
58155876 8
1179460858 6
467399469 4
628411412 5
1895175933 4
480725689 0
10989225 722066371
173080336 3
424730881 911797402
1763244081 89483964
1617315395 6
1645680257 451806293
195342806 3
7628644 122325045
45281460 652159925
1270226358 4
89775625 8
1930723600 7
1145145600 1087425224
1065346869 919618886
1368613112 10
106929 826264434
629106724 8
402443721 930458570
58321731 1438514454
1995417319 8
241180900 742183981
625 5
1750267737 1278334986
16176484 1188642804
496442961 1610005206
135870817 9
293094400 5
1123590400 9
58476609 5
1980428004 909097806
1435197456 4
63888049 3
1243860731 1580076217
1247773877 8
1714438828 535212069
391921209 2
1134411887 1059871462
244866671 10
1844305952 412668701
445550599 372914520
1014049 7
1425591049 790136787
562828176 184654427
473564209 10
1712903534 7
849259397 940286603
1941495169 820870560
217739536 1292361460
1902398375 6
114811225 1212810959
1470844493 1
1873850944 1081248134
267522154 699518820
1714950396 1509674980
199035664 8
1250659501 1703887499
1269497304 1794578457
362846630 1763591325
100100025 609691068
1306546920 1758862785
1701835000 1
282609721 0
605284 5
1077868711 392173607
916696729 4
1354118830 59643381
1465209019 1
1524482936 8
1635960633 306328475
980714524 1735040808
86545809 1
680583744 3
1445964054 859862600
83978896 1811712975
7997584 8
388761863 234840820
1263873601 9
1807406536 6
1555963047 235315283
1823644911 188226639
885006279 1
342176004 210937236
81018001 3
1232017747 5
742617001 770318945
113621755 529501961
1522170225 158745259
919728450 1602045412
1885026411 1154808749
633374088 1143571826
932392094 10
1777916066 1697681040
295152400 4
35316038 7
552391009 4
858452291 5
370355218 3
23396569 1
1945414884 8
201040314 948866087
1639674070 1
180902500 3
64786401 1083115612
372116910 5
949923633 9
1873856373 93873791
762738708 432367798
1803621542 4
643941376 4
79174404 1092774522
1998878639 10
1505825321 691216726
1152534601 458840268
1498409923 5
1734455920 1076697319
150013963 523313329
1007572594 1579360653
1798353649 8
253637476 1696371300
1222099088 3
918817344 1921635858
1149006609 207569336
59536 10
172318129 799616823
1538761615 1241877188
902461681 7
1035289789 646505808
1025397807 4
1421063809 1195106699
1392400 1008988475
515294076 518581259