593378243450706
443424346210934
297372992323081
968082502176079
342622917460591
168371122173062
400421610852873
184664772145354
408273987206929
438934459454739
157551054378655
322729214858749
305641724568784
352148787237948
447532176988047
450015851947673
641023910668155
652171230598347
745708084589002
397517751715393
732165795400067
501502215247825
503009739696258
573029010625894
593426615351931
637249341265069
876293611349229
814660743941576
146219345864122
850362639485399
139092223084496
788523653046967
380693060581811
515294345291052
304805888384299
385881267183570
662729495771145
232475804698395
272642287690417
996449175736392
303354655264827
362190246113616
801535442795385
103002606955359
901022353242303
775794837176017
446871973481608
309134228774268
367753489155267
207567320873912
177260848423910
431826077623010
185476802027454
387444912252881
406859116864269
182272396915733
841376094217404
573882681596032
434004951605437
541476318992208
467070361169357
499587330157810
101357884897391
309809650255624
121035667666788
261285619881609
732976389695970
205514372325082
195451001733976
126409156185918
139567783564565
944605781719554
946833705888049
265741323836611
446140837187887
630915019882704
669777415271706
553471728473278
411367440685356
189488197976133
969520250859802
956951649745805
536406731364465
751630269637851
698497371353525
504885733705317
947578852333372
814204400323504
844511867271386
200965712643406
806067747993760
148773869398876
929931468928149
507949251610006
837506691583201
469832601453684
779339828393371
404179676202144
598203634796190
199328311367855
781775965482543
125748007276290
363205062364178
626506274074825
393370714846064
566408181441941
840826626589651
609835139225322
135974322264161
766740672268483
505169121769347
639562704213353
101969105370819
152282167273874
923447338629905
277597308656268
934429468085158
148030681881084
856683237019653
183976349318344
707354576741613
948738904548491
828444938748013
347049401362831
101559306172204
322965479076288
516815366749986
229522311944401
571063936144516
134380733564910
306931685085122
805355179663864
629414400549694
379619835929230
305131400957050
161427782266784
398867294033098
172607644988541
350688870071056
688510704207269
545939285370656
128975142038190
523633919715042
686129780172227
206245010580829
967250883094578
484801524114800
954153464124879
615105151893968
336206813519463
757457214891972
767955562320567
342654376730978
414948268071078
714598915291414
193590072674056
548276665381030
299185011065656
417985486046260
979075829542569
423497134385150
543022912162590
148768662220243
187412743992325
685706867569186
798143849525803
926893502473878
605191853936699
272707653848120
293718580400199
904297657316329
672546790527073
861998632930880
761925006244126
625624108599918
369615169004462
482761093357443
825256671329187
985707225449025
240310232187211
851502249895685
393571178846047
878358478399085
235810930870955
916064200874771
881778515213651
871222916449119
792796652632810
886218628774163
800798750114877
772620266105338
537071735915314
955021630937208
738304954594287
758453661651159
108419757901731
622002268697196
136265940745461
515048165409758
820846377957416
119333043031164
484296130296937
688528358360122
802718488544089
234248151480818
193094711486044
312146129992321
911544532824772
391910977761485
837035500471239
281165154532465
317669286511516
863958364010503
762803686040487
159822109054482
479809939225552
616284407762595
202098997221912
325594479980969
610794804857269
638663792065921
394259967799650
899176762538386
519852729270111
604110955506233
430878226102131
748816128300664
932916526419695
867010222520278
149287565441940
644757414465379
928153662015960
362844461560988
663583684093027
972194306619430
751665370639770
612048631312105
239742784268824
842938579109650
912243839034021
827426464764807
565073929538236
923979723064522
397671986121374
526523814789471
274068457908432
327743247680428
804464238758059
238480516706428
677412304966740
333867312231004
242886271363319
485631077998462
608280042710862
906626325172846
357406476608286
430496759432506
214870511226949
358692189545197
651377156774533
661173865537755
876957007572928
595939243586988
748339808392106
841154146393176
363539972848185
472351657579282
418363818207034
952945912224288
238580092038400
288612708752899
973391990201462
360893295567588
262204293066229
261160127545824
539744248457326
625588157547438
223983721283332
610764697961555
681826014752758
937024142706533
318238834941785
325156602640289
632845322049040
408284984640827
669808327108421
599852142630038
923326954243789
242740453708995
689005589810420
285033483015366
304626015896596
276695751271437
179207792672006
262785568725788
508596568691488
852867541619709
616795482050204
379550915167753
333625809339896
160484506105246
894578339327204
146879681142495
179364816390523
562569340297135
689856832442545
774127995406500
880647610041596
491113075845630
349052965327682
599421600067825
680950383388478
506537958477533
561291893139320
352726663495965
480977063283350
215714543967929
985055434537563
305693641398831
130122080283675
364264002218391
168047446113871
968519315242979
759466405191039
646521298179126
303113518172932
337960286461726
391737112550182
796652548711074
153187526787216
334677504241501
906179788195951
338244360007712
611898121125558
401969388648245
744215599436919
117032632331684
188515641919527
492867871769914
753537740968105
344407745728985
193404737071408
305196302684163
882409128492606
928565069463601
969309157868392
599229257689690
881903114420512
535345377236196
199105438221743
333309405178245
905844428485177
793920314950192
651612760147258
128327010964650
976886417123234
474448787157830
552307313267129
624477995617550
285323441068613
323191714133445
606318385397316
785397613814192
257519835237757
818046560140539
819078010977404
655118277587692
845477217256751
866794423057461
549313335364583
241515632334124
277359336467190
706693365806291
779613123149525
280788520951841
618556657026036
775330822301875
922324657521185
847470346130326
127507044551283
224358205846707
734664802139017
419064579951105
215007195528461
871995375371807
932865708673564
847688732579790
520370916854243
168321112448058
743437003313237
832027723328848
232110144710488
214606855910417
201465696180395
826556888897099
367562241200801
353737493901733
187203452419335
939720729615488
627607475262876
512056714153341
765941770453324
559117713777658
894280991317759
819183238672355
764078059481832
179074628900046
266566606440254
966192755995110
112197192317608
486348945508436
412079192936522
645962568879491
840462194024307
286413452249742
852101581933062
150457796330525
527720109788454
678328818958837
967659586162968
208292464021009
118308578017009
419828626586822
694014302653077
580070739645447
647952541419673
930479693633495
661810241464205
830295792287636
615092831651492
557870219401357
447357117253369
752641624016451
165238009879852
684788182943622
223824945866185
630579205651334
863400994875001
735229857478167
415493845643028
516460135286647
812345874417313
523845684644198
831233100831129
179662582698078
982590969183880
448906535491001
708337208602511
483594841405631
959467090455305
877114746351594
192725937122535
911168282582551
317394501340039
519665252844712
667377548928519
660017238617836
797514568496125
376688400172650
927917867088947
379923155821930
110271307751093
457867409196770
762720266386406
679218608004934
974398033657719
211738008937259
198031862188661
471153763041179
841679768127800
502139578076576
458722440695113
988748053936193
154028381959229
165752350445512
524617824795183
939807901743471
434047233069931
454768689956937
534964996399998
586018393992602
219617194628226
452432886373414
438306484591311
569816696440698
677818503929641
210895122419063
466003509060446
907639050723150
655487291434453
254906999569559
636176149783676
803274150380377
314709518271543
671679822254969
127998660162236
235688808099984
297967332219402
566505249674497
154458493554463
360678378736385
640766323776860
194124749018118
477218654999695
807434983833822
526798939371122
954125707654836
581295321090963
504139180241783
678083885500726
235384337831095
327085461052204
649277480766693
305889607258834
494491494356291
865763188377441
310826527539394
610187259403148
849802027442394
758325772289112
572888122045231
789267718380084
735156907574674
109367298061102
207168560991477
579321905576779
912992759298849
327951879095421
379330394002605
771664316045244
329562745502101
358864684948499
294676445133505
162328229874858
792447711966457
557936731000048
371657626079894
735002268086522
230757957360306
878029353823673
830655253358719
670311043316024
886528175264594
739151998779018
326337546370710
794365439649316
249052314042656
218470422303393
128313548119501
880954659537342
943917471449707
135803104965665
262755416068636
116972764221010
646172583581550
268870495529476
458114046450998
800240112808136
397992368140661
751425096255814
577819536608443
600820033817426
370997782693234
980095163365679
173718324752363
541395564078924
807748552258327
660360469451966
947534752665023
988563158565379
215264342092621
866861319955640
731479671651271
580972021283256
905435854782686
281708671382561
486137992245630
569187838325006
388190070335380
753599737423630
628287891749085
152739308704692
881001564160775
465265897541132
299103070498594
850958069937588
904463515608978
680817533550562
205955191016457
131553504171215
736872827762300
639531992764842
769984656166141
907120535943386
264671458503642
566703397490474
451471878408620
709066091739348
189512431170810
828464846627892
414847908725472
102097223630579
738643247835569
715820551461786
573903919521712
928226647676869
213273689084523
773985404100611
206011386959576
287312673687742
811625072629919
586937766922208
604018638394745
693311580512046
341621657565758
603911827667321
228323599312874
422303462964399
579883643493716
766084133730360
644645373887547
483385077295803
102587945653864
810198468566290
244073960193087
160472412026512
391867653317726
797411706363074
815983417968049
893977255372887
313563296994995
862801202401577
691874198284594
110937654818725
710796872695608
352106647005023
405324340350665
652782108804917
537997433769703
840729213842744
740130940505050
452371917579392
862677694673630
392913613972459
838374837198299
444011312334999
708520872507813
272699764406386
120097395513554
691752829815492
863196822647018
888375868295945
293848910364341
390203108096662
985987494937068
787000728750405
205657574125545
562019422308526
278896376556283
650051987184322
517811443755674
960520684441062
641238266664855
625077398439446
154540880222488
792523494126177
759507460256514
331801282972250
340143908554062
236446848716228
439128575270092
112470964769130
800480566586119
735855261163866
781590489518728
479641025548516
556935075769173
432841441359829
598903367842302
219919753429990
144383871201956
869598418646614
291980412517845
761345531678227
134744922104516
680713273148678
752754113581773
114596087436935
989014786127029
220250947128480
346967562381948
561096342000687
158548328033772
623254180135355
129408348717125
311427476723526
364913985468879
116591415627565
715627886535061
894590040618282
188989513393013
286715157459109
785499578526010
508274370893608
981453405876626
664077399131567
617203243082022
167492509321444
930683263568440
226195968402413
802489357289051
881634367873330
962543468789452
679575005895167
751178437163813
345732778160046
388859030982033
457660018820900
171841766614219
999188025983191
362151955845669
811205137057173
609595657905645
770614435223216
683975917129154
314543323384254
234250360870470
197719809565221
890167798024967
665491698820303
842182982800755
282067493671101
401597354568525
279507222593793
481452295727191
924542973558599
195700337539473
590614839998791
838448161705165
825701330604694
845433675513741
484566524485494
196462324635216
342477422830781
298080348124358
274486190937310
574955926123292
791910138257845
130088404865336
929699100467867
860828361999712
658373950414522
130262729023717
985156314670184
565284871931939
965873096113247
574400782511292
128248231783576
945927119935369
462364923895041
789033754486585
776653167809660
394307632091091
635119624371372
540104036235301
866402065482374
345802714308629
927883041343744
935277791379055
641940849936207
638395887500505
495124270440745
667027522614455
703783788349668
889439431332658
844309905563358
206927608185861
745512544997079
465110227556090
980463226770233
451135477990887
157345464608989
615831669148655
322378088740944
371278948966672
657965983301151
803095200145245
551258492609282
635497823039474
246483467093162
827104892921369
463620297253377
738609380351367
503776006119034
933139405109851
850383728045896
418359027075452
582441904340531
738944323682281
494696004575041
532069968625498
218338663995180
770349907249636
377525506573633
803116621800875
332348437562116
180105340264262
961767515953661
804896412284447
945472280118224
150790168530775
490355087847127
345192153906799
306888088721442
933546251113399
445971440735535
880187040534051
221148994732226
198237910376631
560294208308868
174974306856402
957349981778024
522629606552444
129039433119454
813255864300267
121417582497126
643001913724684
398840822784937
306282992318909
870864010735112
729353492010390
585508867049770
408072935683180
214265467982169
434429391892263
713203587125402
140015025172147
574107751897918
473403555040716
870169039558907
778804467017253
630796536625593
224869695746483
395009821088656
195841740196919
776367247215312
305344856431372
184865552004573
120023783487125
712906950210800
917786121489213
737766570316803
976916398934732
650532801357872
355642151340396
432234020707929
319578507510949
549632029168717
213748240929486
413725666623111
475211022501745
179639684290394
229287627316152
850951350393703
949067934326571
706642619897912
481978324700340
502597385343398
275803760294357
205401818114241
356719315515047
112676050713370
259762985122375
877380063571635
831333802830947
619148021040606
689468264793494
300474584426680
817358828168783
107654549207264
127226879385114
230047687853659
443712866285612
187466835810134
998677233015916
443855878830034
609602944351459
312260317830656
548614491924268
481998303749760
260523820568344
572460249380743
750806435551361
173202311422607
325252229221905
387931818525759
331959866839863
242218519279354
676019768630647
255684719370462
447688317972739
191096469337395
403185203383567
594637398491971
598636345684474
693468120009611
401732294205598
626604803723556
822717883658657
536563209899927
361250040087061
763116049787409
308753949758774
120798680992008
398297219168079
866191759018247
423063384579594
531351624550357
179948912403927
896508170592539
368698116348503
117305759079014
352674170099817
754161152792309
915931512835350
825380254378302
670963913237317
709025696271481
313460665390987
592007396257632
343144003116318
511300201736201
384606636466182
728784622896838
860541007178572
344413246334929
368404120032155
577133218700571
998448988241446
264300597088797
870662294547958
228226301103695
605591800573798
970631704293582
413863925645319
459471780024432
291790633272375
642507199070030
767912763980916
762897816261113
513957688662566
858735662793117
127070742810691
834378609239777
460560129949101
519000527394372
543431216606415
836480594124062
173815038803869
262544894534215
825018730128728
170455421457892
684190997988929
224824019146859
187123780203811
141953000201875
455016480649274
517427573755238
511089360760886
582048014388041
638036136126261
206799479496146
191709940288582
332908147724048
516073335177296
723428884517543
277005706720241
368094308999719
419490843225155
272568896159040
341941952990644
382076638148398
201206542412840
845863236488440
252638386238930
494098565080365
596523236071088
142832530872176
455450803632408
601452479914812
197862771914729
209937807072955
703963923440192
101664938685737
517350643666502
891250601255741
770372589218840
419829650854676
871480026887937
656786004231473