726 428792888152 560735845
237 964919161680 565446272
101 479659669623 852159419
991 632640972101 40757988
697 737783609295 114796362
487 890391374989 830021588
983 270161728663 773897917
748 861204829653 377295482
42 903812960680 203945405
243 622321475167 871564448
266 20858281539 558329220
560 394980740481 569304013
689 408168584837 915790115
989 470092533777 139281008
853 561458497242 666135807
117 459538270384 907757035
651 339573652194 293916184
223 969315742671 93943740
231 989066837903 24199133
374 919622185420 733470834
929 953035654292 220255766
103 299440818505 615982898
679 396734454291 882243043
84 674231919540 186525599
151 211502510093 160071034
958 328730611402 308422850
652 793051564241 746628495
330 190742005531 57408134
292 63457376193 521841705
897 292314951553 94314017
731 161848082151 227717969
788 877326473937 420102303
933 890984422118 191262771
149 172957400048 911196781
191 530868321611 670974259
841 302482252500 760148929
26 854626668214 617864535
689 488080196574 397789047
574 342467544622 902314521
196 894744560697 859619255
167 26205581152 124129952
696 415283917790 190673013
591 964335866994 905671372
316 458613790764 515232116
190 919526541944 961817940
209 166440046222 948409784
977 392032490471 188154872
928 100199005168 104831389
688 861888364761 589311675
951 488636396950 558899242
356 40633742948 23904147
557 895446053704 946399085
551 229145525445 850983265
847 831958310812 256508150
598 945309727122 81876492
410 641058233396 608098744
621 963817231432 17539491
24 43177660514 562026126
301 618086445645 295167811
393 664673341113 122689733
53 995045880432 518704705
611 263299097355 854569334
816 742217615046 800608711
929 486125909765 450384391
126 259833230517 958904861
835 481259429455 58830235
710 918946704365 897031846
469 594556177308 554482098
151 42350694894 223894761
457 312095114485 878326481
156 996587164218 463275333
793 587082729923 967553566
546 351302560074 375477343
607 380064828686 838722850
306 359263545578 496483596
897 207069471508 641626029
498 363303393752 965063999
313 279740961691 555986439
764 462887734154 603236977
880 187002960855 152226011
263 27757430629 722297536
235 993442099233 805149147
104 403688279970 469788694
342 128657032175 706259184
641 513050978151 392113630
850 427577823820 951971682
642 638615444655 542779119
392 476311402123 50447397
363 538788274237 417768544
737 42276072329 107018893
248 433384286327 4832416
205 383123274376 209100936
900 60132825076 948387676
800 210092316668 786587888
334 444890831417 997286803
567 693150700085 858901756
670 58427746376 842900294
207 193361040373 92545190
453 373378083959 8433515
248 867481397419 707126717
757 910929664582 103501629
243 175364148765 851795572
779 741684434710 594338575
454 860224065308 236663667
440 962004790546 154456321
283 665353520188 13518475
399 747762740860 394551584
165 333991383678 746317028
949 376963560929 987330120
644 526008641509 144757278
278 518942358329 143335399
735 781136177274 424212143
428 654940264140 311531770
428 786809054389 776812241
702 697615103892 20256748
187 326665626032 829076555
291 727960748257 797579206
104 728090768075 699693645
560 68436184293 680974752
617 767115509939 245520828
877 364002808732 255671392
839 528104140227 281429125
883 112106791973 626043249
341 651942520210 340727329
657 407461398499 659461535
299 59805983068 334579729
253 294925866640 506255738
364 196818627544 247722073
35 816439864087 904340037
982 24727896581 912841495
781 407040640841 385760368
614 704687382856 762744553
150 405829777801 988248851
618 265024450892 228309973
890 186756717463 169415421
293 560192763734 13644690
223 749185279349 752434392
643 379329018876 176216736
146 551240114826 717650527
475 886180546405 261295796
265 892056267669 843253089
581 213359954584 948597872
979 687032209500 678497771
721 54341194183 778003668
857 785404711327 215253667
156 796524583672 83869704
27 76036133296 42300066
410 819807662380 424941354
787 154119505275 565825327
278 93498644589 724748441
257 695430235335 419777924
66 331587858116 305523217
446 967348568507 989366181
808 570380813003 59299193
218 222142712146 257527360
315 826732176849 306011149
243 253262534008 602189158
384 899783426438 722387886
751 267779871292 275089928
724 79176389457 179436908
152 830503781725 467014717
491 395070097221 800279244
764 896510391427 387802200
981 298509892540 622842462
37 870941062299 156989121
107 253574403925 176991257
902 988002670736 192105940
142 597872768399 659460838
568 683957814553 27944164
172 255921009112 33271247
250 283101072352 620036389
624 707008774443 345789407
457 906030720176 582721844
553 228976664874 337047240
374 211919004887 674628355
249 620921411073 521852548
429 804339206526 606248249
950 858037450531 214827525
603 24049473291 491162455
402 29117814879 504333600
198 51817493635 460989892
81 657725072337 381279803
524 893286759310 630552395
70 571898570551 937414437
578 639664234108 790225773
215 272304216074 620921628
143 244359132632 974795628
393 497548889580 794361204
949 618735769547 218297130
682 97583714555 792588256
49 20518115389 832310469
684 313189268368 489587568
983 29114937711 345548665
335 115827519863 681409443
964 52388820104 478397813