4535
6652
9443
1259
1329
673
7317
9630
8754
9956
5818
8817
984
1599
5625
8328
4615
232
7429
2264
3622
8021
8894
494
9486
779
4451
4069
1433
1788
7698
4678
9930
1803
5176
9346
7121
473
5788
7616
1042
415
3061
9402
3761
5042
5524
6860
5661
5988
6795
9066
1480
2954
805
4502
367
2814
9228
7298
9406
8458
7231
9085
2496
6618
8653
9990
8214
3903
3978
7777
3826
1868
4435
3695
7663
4306
6563
3214
4484
802
9157
923
2870
8745
1316
5100
5608
2767
8855
4273
2042
471
3126
5542
2188
4378
948
1614
6623
3050
6694
6317
1883
2800
949
5548
9630
3300
2159
7656
3096
4480
2963
4486
756
4768
7733
7000
1325
7833
3454
3385
8934
2341
1839
4680
529
7249
7557
8343
4940
7395
9518
2659
6301
3036
3032
2605
7011
2927
4304
4752
4356
6423
1938
6285
915
6264
6067
392
6080
5215
6503
4231
9496
879
9067
9773
4353
4228
2116
2898
7346
6246
4958
7337
5422
3620
1968
1770
358
2926
6721
2783
639
4295
9557
4337
8281
40
4467
4369
7643
9578
1781
5836
717
5647
5159
4106
7795
2071
8691
9421
7117
1273
2917
676
2583
2585
1403
8794
9546
4680
1116
2922
5826
6822
6139
8564
2282
2513
4615
3465
5269
7869
1318
7477
4969
5167
9671
56
5636
8013
7525
4024
8963
9693
9140
4595
8535
5912
1458
1283
2247
355
9112
4008
847
3687
4046
4412
7973
6429
6003
7454
7487
5603
4186
3345
60
8558
9776
7929
2146
9889
5202
9690
8938
1612
9069
4195
3755
2840
1446
6714
8740
5270
3702
8938
4103
5574
8161
7874
6688
3858
8761
5823
7826
6966
2682
8390
5679
7237
9245
9230
1519
2735
2847
7675
9608
9894
3503
2265
8304
1895
618
36
2973
4318
6574
376
6009
5815
1247
7141
34
8284
9155
9227
2395
5888
8115
8313
57
9752
9449
5820
5769
4230
9964
5601
4427
2970
6877
9116
9366
6273
7711
7300
3601
1617
1788
9146
4525
8441
4465
5079
3502
3972
7292
6300
4917
5650
9563
8941
4243
9067
1522
8571
981
1927
4125
8435
4238
4076
3199
8510
2727
87
1989
2838
1143
372
4403
6799
881
2774
6927
2314
3518
8060
7135
5632
7580
6565
386
4586
3200
9610
1066
492
5923
4091
7499
140
9986
1188
7589
2285
2216
4459
2633
7600
1305
2746
2381
321
2404
8194
7189
3347
6578
6337
7568
3008
4717
6193
1433
1091
7175
9766
2260
7292
7112
4774
3663
3923
5498
1906
5811
477
5533
6757
3535
3544
8626
7058
6675
22
7313
7913
8673
3840
6764
1849
8463
4285
1548
8563
863
7512
3846
301
6555
1752
8620
4910
3763
6137
6027
4751
9163
8574
8187
8062
7778
8977
3716
1988
2870
9192
2259
9422
4932
9511
8455
1092
9
6875
8412
6338
3193
876
277
2414
2308
1237
640
9492
5849
4043
9413
5457
2693
416
1745
1875
7338
9132
9394
5922
5114
7919
24
8992
197
2300
4718
3470
7082
6006
7117
2294
2505
4561
3752
9340
877
3147
8066
1401
9719
6126
9772
9537
1324
4730
1394
6420
2784
920
4237
6737
3411
3816
8153
4599
7397
9255
386
8010
3338
1537
3477
556
42
3755
5498
5850
3534
5215
2402
1469
7387
9781
8980
1282
9064
9777
6347
4355
4622
9237
1860
5203
8815
8722
7653
7704
5595
1543
6658
9525
3235
4742
859
6027
5446
5980
8849
1478
6250
5262
8781
5563
1486
9170
8550
2241
791
3938
8752
8672
2611
6831
3000
7257
4040
2687
2892
1659
7132
8296
1336
9288
5410
858
6396
623
3013
3309
7248
6928
2517
2354
8412
8029
4696
7252
1941
5924
8140
3498
6371
8557
6538
2104
4895
4304
5022
3842
2763
6897
5087
5345
2024
3603
2262
1433
3475
3307
2509
2994
7283
6755
1514
5471
2251
3526
9262
7028
3132
4120
1112
1216
3721
2443
2733
9709
4205
1616
5804
4932
7594
2568
2270
7137
8355
6002
8370
6931
6275
7955
7178
7697
9251
5949
873
8305
9751
3410
5024
8005
6339
3827
7971
6433
1145
4681
1236
7910
6303
6197
3435
1360
3044
8424
8000
1993
7336
8059
6484
2503
3762
8873
9458
1047
399
8035
6572
5686
8211
6449
7329
6878
6165
6649
5083
6384
5764
193
8403
9387
1463
9624
9543
8132
3942
5745
3439
7425
9722
698
6269
8864
332
8825
2037
167
9291
5409
5561
3303
7102
4857
4968
1065
4592
666
8521
8015
355
5985
9329
7089
9222
7654
6164
4126
9047
3632
4839
5950
9958
2612
6145
3740
7942
7670
2286
3090
9644
4252
4993
9349
4292
7348
8476
6393
2431
8281
8029
8514
7038
1920
7855
3790
1629
743
2000
2581
3030
9570
9677
6517
8032
6541
4819
9252
8483
3066
9174
2803
2989
1456
8123
3379
9783
2581
2983
112
8982
1793
7973
7650
8979
2401
2407
779
2908
2483
385
1183
1354
9049
5218
9978
3453
1173
1787
8915
5842
4510
3744
9951
4355
8642
1701
4565
3297
4417
1107
8180
7678
3358
2190
1197
2392
2257
6989
9557
4467
1057
7399
2578
4507
8933
5388
8883
6215
3889
1037
8921
2565
9020
1735
5091
1320
1969
3228
9907
8789
977
6743
3350
7341
8195
2994
3449
8476
7581
8756
4300
8430
9822
2884
61
6537
6420
660
2852
3859
6045
2440
8323
932
8634
5614
140
9573
7307
4447
8438
2543
7373
8594
1059
1298
1038
5814
8745
1515
2611
7945
1001
5497
4742
9150
7624
5987
187
9866
9281
8353
9442
3328
2540
8363
3482
2754
175
258
1381
8330
3626
8985
8593
508
4014
1706
6068
5918
4971
2057
4916
5476
1620
1236
608
4474
3080
141
2018
2269
378
4406
503
1710
5300
4096
9500
4078
3770
1514
8117
2234
4565
5035
7602
650
9992
6504
6069
5640
113
6998
1591
7146
2204
1658
7878
3054
5689
950
8893
279
2358
9350
9546
9074
9887
9045
9115
3986
675
7147
3003
9751
3613