593620490 1
625981127 3
295606456 3
684259801 3
649706396 4
667916147 5
298908130 5
89402116 2
409977961 1
779322633 8
147128523 5
581133542 5
68897944 3
161866234 7
52113022 6
503058723 7
219178574 6
142059167 1
24157891 3
266230140 4
312638901 3
290779512 7
302738040 8
339247835 7
604093983 4
16401932 4
639506643 3
631456358 1
188750069 6
852342815 3
387596482 3
191629007 7
336957441 5
774076138 5
465039548 4
340012024 4
726968618 4
141741532 3
663489216 5
147455064 6
4592240 4
771321759 5
66424875 4
452503171 8
601133113 2
353586791 8
512763577 7
348020704 8
183936377 1
515868754 7
14919173 8
179170426 8
239188366 5
176626854 2
106933730 8
575293187 6
345487671 3
755624554 5
254425467 3
872119894 7
18006115 3
44287875 5
523438535 1
133006762 7
266921474 4
108866890 3
809788699 1
328760843 2
261465328 8
9203405 3
134502020 3
132441081 4
336143942 5
196934641 3
848709412 1
546127689 1
147277272 1
150001272 8
287756548 3
683123125 8
236915955 8
694067425 4
732543384 8
153230477 1
833248371 1
667440175 8
399446526 8
752772487 8
440462943 1
78675929 1
771277716 6
8403934 1
520251586 8
546819552 3
93929293 4
667718560 3
774448745 8
130065955 8
237130307 5
6033246 2
98246366 8
95677825 7
778387081 8
885799412 5
203189845 3
360538431 6
341795011 3
298054953 8
527347272 2
422570784 8
827333235 3
52121513 4
304591383 4
61290162 7
670516305 5
569649124 3
598345585 3
571487968 4
266293314 1
448098742 7
274278774 1
196466772 6
277579238 5
783152788 8
644428635 7
178719127 6
148528969 6
26059903 8
618060514 4
299874446 4
12222229 7
462371895 6
287366572 1
187300180 1
343663297 7
328175449 8
196552147 7
191564613 7
876712702 7
31573948 3
32957026 1
845419261 2
93649769 2
492155104 1
263861634 8
57835858 8
66585525 6
886651378 4
306583670 4
765160739 5
114382885 6
225737794 3
575527165 7
90098822 8
144535861 1
825897257 6
884481899 5
216527639 2
395311735 1
647390707 8
253228345 3
35256932 1
325434019 1
878798371 3
400892273 3
239813412 8
242327702 8
131242594 7
535369667 8
122610787 6
343013888 3
714947172 5
472340615 4
263176211 1
392673606 3
279341771 8
368309535 1
270748226 1
194055770 8
630793648 3
298538112 8
762739253 7
88674320 2
663753086 2
215322964 4
608981919 5
487387969 6
743381395 8
107919954 8
232413338 6
322156928 3
104044268 4
683902569 8
136726071 1
829371495 4
225422434 4
43159184 3
626324178 8
634659586 8
408393543 1
828957189 3
365868159 7
746336958 7
681106147 2
520839565 4
659882877 8
730306999 8
285979010 7
791235691 3
144683959 1
842740852 8
806065550 4
110784132 3
670249593 1
574983044 6
458673 3
501051004 1
572801444 1
780608792 3
854160927 3
19943128 6
896960903 1
683003354 8
16975747 8
358161046 1
599878637 4
184282151 8
491834340 4
690849968 4
140509702 8
93243122 1
522289298 4
712327612 5
594198141 7
754030737 5
646900814 8
467435277 7
829256397 4
231834035 5
129710082 4
312924255 6
195929384 1
888048958 1
792272390 4
602363710 6
349764343 3
378782871 8
42417011 6
372176787 1
436562940 7
837490272 2
305213793 2
132357876 4
860396586 2
733218387 5
259219396 8
472211439 2
295865100 4
795428557 7
444191728 4
773435634 5
845915152 8
71042116 1
648361394 3
277463367 4
321942479 1
573420493 3
477427945 8
514142515 4
375002684 8
180447251 4
698535948 6
394403265 1
765435140 2
282538239 7
92656494 2
408615343 8
265741135 3
231936213 1
575392414 5
751542916 8
29385624 6
829523569 4
783257830 4
597154153 2
96059390 3
197514998 8
182776147 5
541512439 8
534266139 5
10354207 1
837573307 2
318010332 1
551143061 5
217416672 5
711862178 2
428902772 1
146439049 5
553093775 6
107124830 8
145506149 8
332881737 1
302811963 7
587455464 3
563868871 1
625923836 5
501160288 8
645708680 5
419327638 4
121633218 6
175903268 5
10736303 2
532291954 7
268264785 7
44420988 2
640666062 8
436122592 2
532947986 5
589205383 1
540807713 1
94641105 2
132329736 6
482744744 4
720004418 5
379922561 6
291332746 5
632681788 1
465664273 5
664276806 7
102875523 7
66867430 3
898624633 5
469605436 8
546956981 8
57008473 4
616917477 6
107012295 8
52483375 2
279801681 7
244345474 6
19157833 2
520582475 1
490263322 2
569329415 8
125208211 3
615753975 3
168262576 7
98067 6
798467279 3
101711236 1
387335794 2
659641382 7
220391979 1
736621180 7
789644955 1
464950307 8
269160927 2
765674814 4
724295583 7
318996782 8
412241573 3
694095487 1
301645418 6
523404566 8
893764654 8
708104502 3
443744217 8
180480941 5
484903046 5
816845909 6
650584829 3
488383195 5
119845052 5
84202410 6
441578291 7
446160482 1
90466001 6
186840066 3
239481928 3
244740169 8
87876487 7
266863083 8
725622959 7
848272953 4
116962198 4
337590060 5
451947483 6
92325188 7
832547316 5
168449223 4
232242842 6
532977876 8
159898078 8
714819963 8
735094979 8
285142641 3
664920855 8
107108223 8
651865800 8
106102224 6
678048794 8
841407430 3
574697943 8
106821217 5
762776268 1
186403272 3
194912549 5
70244006 5
191715143 7
59223038 5
149656505 1
154813992 1
201403807 2
610153578 2
522335795 1
27130011 8
812464139 4
182896920 8
554786112 2
646923395 8
217504630 6
717613895 5
305223867 6
72260211 4
877954274 2
381297888 6
680881333 1
247220543 6
450550148 2
488070801 1
326145976 1
25786586 5
483737953 8
378288251 8
703434047 6
208602498 8
263570717 3
290904613 2
119106698 8
23282351 7
699680478 1
429704155 7
40691820 7
115363005 8
286814871 8
216643965 5
218634318 5
504087016 5
308662813 1
145928741 2
660102965 5
338067942 5
585780036 8
244984318 3
644653431 1
106980110 5
325362961 1
577411774 8
866125015 3
509812802 3
48724637 4
170933138 4
273919722 4
622247278 8
862427825 6
347195448 8
775223310 4
298720524 5
66751997 6
818406132 8
117003916 2
460771742 4
214586559 8
460937711 8
483474347 4
291200217 8
449723333 3
452073991 2
442185914 7
58741643 8
595013341 7
332176934 1
191200181 5
236272402 2
132151057 7
274390010 5
385097181 8
344037903 1
525861321 6
85427719 5
180758532 3
294050705 3
491277344 2
106640972 7
225478371 6
90593049 8
223835758 6
595760768 2
358699846 8
878020521 8
291744110 1
392521929 5
640088337 7
29041084 1
846567851 6
580317731 8
491096440 5
62840652 2
25525538 5
668353094 3
539896644 1
724011673 8
486748531 7
831284394 1
4321665 4
436298981 3
714231500 1
625423118 1
317896795 5
25301899 6
768932707 4
249339786 7
437536824 4
94918984 3
134178116 2
19098675 5
274734274 2
190323215 3
815398842 5
359447235 5
583428578 8
420818686 1
377083179 7
157012319 3
453222060 7
816993377 8
645482605 8
334699966 5
131029655 8
298597843 7
292890729 8
244314935 8
713322919 4
81623861 7
208761813 1
753474673 3
889333365 2
494882873 5
625567568 8
18945275 7
691758166 1
153460447 3
102271516 8
272776253 8
17779064 2
151024994 6
541586667 7
183327201 5
482494133 3
636147400 7
11054563 8
788478741 2
68947836 1
571836877 5
340289210 8
525821085 2
526720505 5
221804200 7
267441647 8
167325597 6
718470603 7
800922909 5
18722925 2
367482909 2
1717224 8
497505408 6
798284786 4
565675769 5
421861815 8
866780431 8
828294499 8
199230806 5
824399102 3
41555781 2
568131512 4
334610216 8
179748022 4
399175438 1
319782935 1
4720410 6
522804708 6
886788000 5
540726020 4
40838168 8
442492467 7
129771265 7
705252521 4
130834374 5
750036777 1
126524776 6
33787586 8
457286457 8
349184170 3
617038960 6
375636294 8
295499669 1
776501240 8
72046548 2
139783842 1
132331148 2
325535721 4
258095680 2
243620536 7
412955917 2
766352615 8
164341655 8
305648089 4
318708214 8
783122412 5
628831769 8
862538948 3
257199409 7
164167864 1
461299853 1
94646727 4
191260420 7
160765818 3
203486742 3
695834912 8
150559719 4
460955756 4
667360132 5
241561892 6
726468509 2
326847924 4
35959063 4
684664120 7
333459465 3
827436835 5
457816095 7
140906371 7
647298414 4
55981372 8
706058243 8
219743867 3
619036215 4
824035389 1
752335872 2
677497098 5
495313990 5
339137063 1
598764299 1
129463930 8
277665572 1
826982782 1
631500379 1
689590587 8
22077394 4
882100001 6
249904296 3
889786004 1
740092247 3
212885615 8
284451079 3
476264905 5
299760141 1
63554174 6
591719205 7
30747905 8
249918570 4
357382497 3
230652245 5
565250147 5
545061095 6
838414033 8
606742773 5
68938307 2
47053834 5
691779193 8
824722688 1
763786034 4
735962119 4
775523322 7
672874366 8
49582154 5
69034318 1
209244290 4
553937435 6
409964959 2
279393343 6
298996326 5
829095081 3
85487189 5
302274607 3
860169881 2
697826533 4
656512529 8
303812176 8
613986029 2
643339482 7
304511883 8
170532534 2
317092768 8
593283015 8
228500903 5
380469123 6
511328527 1
547947914 3
490745524 2
126598151 7
34768574 5
827387372 5
110729388 1
528349359 6
860402143 8
693316004 8
636578694 6
83702604 5
893350911 5
638277946 2
302178030 3
54381448 7
633343678 3
162838325 6
757584289 1
327520659 3
213860860 8
236150018 5
138623633 8
6854422 8
688704271 6
568972207 8
316535017 4
336503184 3
82176482 5
389286500 4
746044253 7
850377121 5
145997011 5
355993186 8
402651623 8
100966567 6
38421577 7
798651489 3
406648367 6
481103391 6
258192390 5
825668008 3
455266461 5
742162093 3
336952023 4
21797156 2
675116241 2
314900260 6
637905776 5
129726957 8
106923343 5
62102288 7
220326163 3
527422535 2
71292092 3
127359573 8
463633928 8
209244295 3
315198473 1
556343033 7
282854681 8
692695529 4
755346870 2
736632931 3
83521639 3
838842451 5
402085818 5
540822308 6
166730920 4
554418915 3
481803174 2
220023547 2
734805769 7
64337192 7
133190282 7
659703496 1
156369170 7
679048290 8
765027219 1
710001091 1
687073514 3
691509893 5
854820685 4
464087365 8
153093097 5
564607022 4
452800821 7
332849425 8
866414464 7
642643238 8
322899246 8
168165762 3
159778163 8
143500509 3
667927677 4
525870293 7
807377547 6
296676576 7
854744792 1
188782242 5
184302627 3
47766564 8
843052237 8
577226091 1
82835011 2
214103852 4
27248467 7
190035078 2
187032422 6
764348065 3
492069591 4
62477343 8
12630949 8
466677775 7
424950266 8
280246034 4
713881685 7
346356041 1
13660991 6
423949380 6
548483866 8
154746312 4
325355250 2
415275017 8
883349381 4
119863823 8
874873845 8
179898515 5
746527491 4
159912939 8
54552359 1
533246702 2
73203975 1
382916722 7
208217280 7
183360669 8
197435386 8
84949533 8
540437127 3
135178008 2
84880036 5
304237884 2
89899051 7
804807431 8
783228741 3
760420351 8
709911747 5
563763900 3
230818552 6
522496741 7
853546425 8
500769384 7
1513147 7
326288500 3
390975871 8
718252834 4
369024393 2
393158545 4
811659522 6
47866038 5
15202399 6
837701768 4
506985846 1
813262273 2
200662343 3
829356283 8
99165180 3
510222985 4
320876988 6
295144653 4
50494046 8
492741171 6
440920609 7
878441583 6
283865392 8
699984447 6
139626414 2
881730694 5
444184287 3
136932711 5
535784385 3
104087804 4
701447066 5
388143944 2
203338326 4
486692966 1
449202136 8
673350512 1
617849905 1
342702577 6
883132121 2
158331845 4
637921995 2
74403200 2
587571558 2
131985317 7
482657310 6
163337912 6
502899962 5
611460834 6
334770153 8
60070362 7
830103989 8
426611086 1
137729022 6
754701596 5
217033091 6
448652084 8
153095680 2
342093773 6
386907248 4
269055585 3
710151912 1
458701338 5
636391405 4
671806215 8
20832025 6
507649899 5
217813504 6
703922313 8
108607053 7
681436074 1
224173402 1
485627635 7
405659495 5
422968724 2
401800198 3
414647353 5
429450210 1
730036389 3
143510563 8
789519225 2
886235234 2
320311007 3
636462513 8
764623668 1
335373281 2
723225763 4
81180305 5
589331817 1
236574506 8
379406243 5
109357254 3
155359219 2
419918339 6
9681483 4
139754264 1
32803895 3
501402236 7
535070640 7
129864274 4
635450368 6
598270104 3
329816642 4
420045581 7
266289910 4
336481404 1
600027195 6
744782154 3
289678526 4
45814426 7
480645448 1
403593121 1
169106945 7
171596650 5
795376159 8
203871595 2
71730884 8
642018710 1
786624512 7
73212038 3
123716782 8
103642980 5
508048153 3
784162796 8
765641679 4
402119093 8
320578317 2
164768876 3
463223624 3
846378901 2
290342503 8
194458714 2
257424599 1
416136967 8
651057767 4
501995938 3
551558500 8
251034579 7
759096456 3
262365738 4
270207001 8
276057667 7
222713098 8