1040228318 438975792 1039690255 1295106684
933310691 1359233135 1149305470 512957173
702302686 684711731 1662063350 42927183
607436493 1499283941 2081952339 204670733
256722077 268325884 767545817 756696570
322694372 1994167471 1960195350 777003974
631697749 225994298 223032166 1858816190
1108895701 2084261706 1319409908 1640371
375753849 211616514 1296747054 1309064540
1570849649 298568876 1822021712 125668686
983280606 1336601413 168595868 1590717098
688401706 103064558 1795387831 945123782
371390441 415449999 1701820351 694084813
262133822 1514532052 1471088786 893831570
1740526350 1694120951 605164111 701938402
1630899008 1924574019 703578772 2006652857
2136190532 2000325826 1168233748 1559556532
151411053 842771811 1685225217 1134691658
31889575 1853821084 577925108 720291280
1956885642 225829290 1665415061 180792434
641279288 1219751764 874877246 903413109
586800167 198482384 1797244678 179842868
1892603334 254925141 881781270 1376018694
32015511 1585360041 1235187902 20722394
1438202218 255938001 1580278926 1589613270
1098709811 1118020494 576821280 1130599385
824357930 1154746387 1850890665 633759923
1380575676 1368822077 814552356 2021854963
441090192 1689429602 777784424 1027890359
1887911985 427545453 1207733226 1633031670
682470593 2089514495 861566715 714486103
1527390888 2096754616 735208497 818109457
205208968 168003774 260239079 1303918778
1286024267 837060358 287034515 2110382196
1991806744 2137925179 596658470 1224898771
1359263607 1411210826 1099270085 1800353799
953156779 1877054508 680760509 693585115
157116313 1888493734 179133136 839586905
1830524581 1040699851 1554073008 1210431820
989970818 141797856 2028541276 1195179786
309801629 141296706 351614915 1595825895
978357063 638649429 1558724443 822680158
629090959 7899264 2047578928 1988354566
1419110089 999365365 1641224716 224783219
728936224 174501576 918368333 886052536
2062995309 1097501469 1725639441 1746036241
2138201319 1132228800 808984412 980688488
1274026655 690042040 28384625 1583828283
831338745 379999540 1032170529 1809695808
1018648968 443411323 484892317 1647739927
451310587 384987597 1488610844 1870420675
1384352961 982351911 2095203894 2113289184
1156853486 866088578 851858072 1072365146
1963590046 430013864 670917739 1954307716
1562242663 1479902150 787512556 688785669
22460541 815897180 125130303 853799286
1195896719 1157300831 516011445 67062039
1600712154 1000903761 1714801965 2052022740
1385891357 1055929160 1774959766 622760669
2038281070 1722680011 588566205 1047650907
441284941 1440424276 2120016052 257391338
1870438139 643450142 64215406 1285197153
2123352292 851727961 1973982821 2145812832
1667625140 2099113123 852128469 716038211
1108930305 1368139913 783100249 562158810
221560026 350418565 466697901 1607451382
1406347724 94174019 82728403 1297145145
1816854029 671294607 197312403 110655321
2111718882 169844806 368046659 1834673372
813294948 432262064 972386876 789163591
1283990024 798886048 787492774 804131515
750515522 1639621243 1520169725 1859445826
860277507 155786325 274120988 1081837532
506204889 740818888 541805266 1912552612
834992906 624533668 1062214108 504363287
1295828274 1259526510 615018607 1260063507
1429371316 983065265 947253230 95182615
1415327328 1919640105 884346205 551833703
571042504 1671838978 1355965218 1321558025
1163976572 728651294 1033520202 2024254079
884437619 1307641189 958607962 1390642507
2048460077 1500413227 1155711471 735969334
2124946894 70441930 1240332620 1273291519
1329968440 1855351227 385871377 611856107
690932843 1333124606 707038721 2106260171
1105281062 1591384925 510610225 1676323565
1115740254 1866575442 850397941 132233178
447743088 1883918143 9003608 1332180706
1044075683 967611569 575339564 945052111
320541148 1731051034 1681021445 298004393
1801492964 773870416 1571295912 983977755
481737994 1957167288 1595833861 1172670837
1142808246 155388933 1131447359 100605659
1746773857 1642057583 1776929224 715030462
1361149377 479843516 847263639 1808892464
216278010 856267246 993589521 1260353693
1823878815 1568929084 57922155 2144419962
1152496470 1738943599 294940706 806505785
365330367 1866236617 1790483539 847068360
1675920257 1238833751 2019739196 671244854