71
23283 19701 1791 29850 28656 38805 17910 21492 20298 26865 27462 597 1194 32238 11343 10746 39999 31044 15522 17313 9552 18507 19104 14925 31641 37611 29253 34029 35820 24477 22686 13134 3582 16716 11940 14328 13731 41790 2388 42387 16119 22089 26268 25671 40596 25074 6567 41193 5970 33432 4179 7761 28059 12537 7164 38208 8358 23880 20895 32835 2985 37014 30447 34626 35223 10149 5373 36417 4776 39402 8955
42
12960 8100 25920 34020 14580 18630 19440 8910 28350 24300 31590 17010 13770 6480 33210 4860 30780 5670 9720 7290 810 23490 3240 4050 12150 22680 23 27540 26730 11340 29160 21060 15390 32400 17820 21870 10530 29970 1620 25110 20250 16200
39
6692 1912 7887 8126 2151 2390 9321 8843 239 956 2629 4541 9082 4063 3107 5019 5736 4780 6214 2868 1434 5497 4302 8604 6931 1673 6453 3346 478 7409 8365 717 5258 3585 5975 1195 7170 7648 3824
72
7106 28424 5434 27588 7524 12540 11704 2508 28006 10450 16302 30096 17138 18810 8778 22154 17556 9196 27170 2090 10868 20064 25080 20900 26752 9614 12122 4180 24662 20482 7942 18392 22572 23826 1672 14212 24244 23408 29678 8360 21736 26334 13794 15884 15466 836 11286 17974 22990 28842 13376 5016 19228 14630 12958 10032 25916 19646 5852 4598 3344 6270 1254 15048 418 6688 2926 21318 25498 3762 29260 16720
59
18202 8622 23950 30656 55564 6706 22992 40236 3832 37362 14370 9580 11496 32572 45026 38320 51732 19160 42152 39278 16286 4790 17244 33530 36404 50774 28740 45984 48858 20118 47900 24908 21076 10538 53648 34488 43110 2874 41194 27782 22034 12454 7664 56522 13412 25866 15328 1916 958 5748 46942 49816 29698 31614 26824 54606 44068 52690 35446
17
15015 10010 6006 4290 2730 2310 45045 18018 54054 12870 38610 8190 24570 73710 6930 20790 62370
92
20020 12320 9856 14476 25872 16632 7392 4620 5236 24640 3696 19712 22792 1232 11396 14168 39 17248 16940 20328 22176 4928 20636 12628 28028 15708 24024 23408 12012 24948 10780 308 1540 2464 28336 19096 11704 616 19404 11088 27412 25256 27720 8008 4004 8932 2772 4312 17556 26488 15092 10472 18788 16324 21868 7084 13860 27104 20944 15400 10164 8624 14784 23716 12936 8316 16016 22484 3388 21252 6160 21560 924 13552 26180 17864 6776 7700 18172 24332 23100 26796 1848 6468 5544 5852 2156 9548 13244 25564 3080 18480
57
10458 7719 1494 7221 9213 12948 2988 3486 12699 8466 8217 7968 996 5727 4731 7470 1743 249 3237 5976 3735 13944 14193 13446 5478 9960 11454 4482 1245 12450 10956 8964 3984 6723 4980 13197 11205 9462 12201 5229 11703 10707 498 4233 9711 747 8715 6972 6474 1992 2241 2490 10209 11952 6225 13695 2739
62
12725 509 1527 20869 24941 4581 4072 21378 21887 14252 29013 29522 30540 27995 11707 24432 11198 3054 1018 16797 22396 19342 30031 25959 16288 6108 13234 6617 26977 9671 19851 23923 14761 7635 5599 28504 13743 8653 9162 18324 31049 7126 10689 17815 22905 20360 27486 8144 26468 15270 10180 23414 15779 31558 18833 2036 17306 12216 41 5090 3563 25450
81
12220 8460 1880 17860 33840 32900 31960 72380 75200 69560 20680 55460 6580 16920 29140 19740 28200 48880 18800 54520 63920 21620 3760 940 25380 23500 45120 70500 2820 50760 7520 27260 62040 76140 44180 57340 65800 36660 51700 26320 59220 13160 53580 66740 73320 62980 9400 43240 14100 5640 24440 15040 4700 42300 64860 35720 10340 31020 38540 46060 39480 40420 67680 47940 61100 47000 11280 41360 34780 68620 15980 74260 71440 58280 52640 60160 30080 49820 56400 37600 22560