863
126
762
48
884
113
837
124
497
129
210
167
347
249
131
560
630
300
533
12
852
61
211
430
888
22
254
140
244
604
816
77
271
487
89
836
648
166
256
629
427
124
824
106
138
53
173
621
37
62
782
190
348
121
412
414
406
241
497
178
599
11
152
539
312
330
47
370
103
812
178
25
357
320
564
144
778
79
322
485
515
283
680
300
443
190
230
712
831
21
868
47
316
386
483
498
331
43
525
39
445
138
606
7
411
344
351
27
532
218
762
89
9
480
511
260
40
129
813
139
360
494
1
327
162
37
723
237
476
151
25
202
339
382
65
305
827
138
226
343
395
62
193
541
681
82
171
231
770
159
544
287
369
620
698
26
141
315
406
293
144
41
344
393
388
350
607
212
253
539
749
77
291
155
512
87
826
105
706
253
652
117
789
148
722
169
320
493
681
68
58
491
814
72
287
588
805
72
300
281
882
83
283
352
654
121
821
129
169
269
194
562
838
134
305
318
154
819
159
784
364
604
319
309
797
163
226
685
651
175
7
335
280
648
875
94
198
76
860
76
652
125
677
77
456
306
118
593
661
295