588 171 880
779 807 235
473 341 989
381 300 635
441 103 462
69 365 724
642 578 620
488 360 435
27 908 323
307 168 518
143 113 766
731 51 575
502 472 409
710 110 9
546 22 83
464 507 351
992 913 213
830 841 315
565 405 837
330 981 365
112 601 406
752 931 608
48 408 456
113 293 561
758 211 886
337 303 825
228 72 142
720 455 975
329 44 263
117 423 270
923 898 141
386 141 916
419 37 889
693 405 36
892 852 744
470 456 347
453 621 23
292 959 213
800 605 946
431 430 608
104 120 653
926 442 546
33 221 746
781 588 94
222 609 325
732 779 544
241 117 102
336 176 657
760 9 686
135 662 991
28 609 155
500 221 152
165 410 558
398 891 320
308 154 806
959 726 114
677 477 771
544 716 18
828 551 743
359 187 513
678 520 139
888 607 723
246 539 521
952 829 233
871 873 728
478 376 438
649 903 456
287 142 120
55 464 386
782 246 262
253 248 781
570 356 832
211 353 595
24 416 242
102 384 433
987 243 559
424 582 82
965 427 29
709 833 61
385 922 579
426 992 1000
53 447 232
873 352 659
766 958 937
243 42 278
554 401 541
233 632 877
549 715 929
185 38 174
775 732 637
514 439 472
546 791 187
590 446 789
73 158 271
738 59 765
615 23 355
148 935 540
288 516 190
332 787 742
887 359 578