534551218488967474
432175700350290780
428022844432505257
657492630409905666
827797811897698805
669808816566235267
838994091959799425
682302155364580288
727864970915894548
318054790769353870
696176683747594814
741018633631132922
539072764361845613
52230786516062416
837968003018646868
364304706193890204
672852942952947172
427772426643132995
671692275299281448
363595171021452142
897363556744884532
389573906749290755
483078931896819334
208542525965603590
320437250531012302
473832336313251496
328454799763472466
824128603202569238
236902827034566760
621015063508781088
232914768055678831
932196897062440004
400176962782614249
698552222482833261
824862219534386501
707666230322235826
181795979377797550
796024154569389169
210082731444832957
882858266329040602
902159721638031948
783723196801874069
895549133801381721
899388347888489225
952151193773818171
181481707428444753
364268182767313832
239778819973089042
573950705154275768
580005792210792665
973567135874381304
190741306780867971
871875900391463355
905229102078868786
356265500102444594
973517821393111726
103826250392311375
834101558771769593
302677868241063182
318907366340526480
664076155637148274
918451318557675613
485617816463172425
48142008520886101
521701174745840851
162680333495396625
26327904303601107
716082041506553595
105279404865367634
38114137105507050
754482749993297104
675143157726551965
653927331668554667
622190286853052645
806728094030770883
90334264644457808
200612845896629243
203016478342027023
363128787284396160
913491782614940845
458624583375395746
867885168364195853
239082255056400856
662277082899041777
421525914880777447
863745918801638813
493982670806034677
115769772533361553
862600369551202213
708755451767886329
703146974236371888
25549260962084679
983614333726543344
161063867452515822
618290920996754772
42249089439255652
317686871451280982
188114598343496348
656008918601699125